$ANSIBLE_VAULT;1.1;AES256
37653566653062613031646162643432633338663736663935376233653662343532633932633763
3536373337393863623734653036626463353239316637300a323961663533663937646464363633
61366565323231323434336439363564386432313635653064303463666164666633383533363464
3665633935633331310a613162613138336332396532303665376361636563363235353666633139
65653666373365353230666366336139663330643434653066303333353839323661626363343030
34326565653064306234643061316438366637346138633436333931386437313436666537623766
32306464323531373166613531306564613133313830383131663132663330396434303963656436
61666537656561393630353262336633366562666263366334316566326635393939383363336537
34613637373737383834643332363734366130386439343830353638386135316435333232393030
30353034363337633836626333393039313339363364363939633338373765646238353738663136
34626434366362386137386635366538376465623062663032363033303335356266346532373131
64303639653330366465373961613931643336326138636663353537343264636666396332636533
64383931373065636236626334336165356538336265663938623333646134323035386461383362
38343832393030353937383563666662323062323732373836363130613364646535373833626534
39396265343265363035663933623632376134363364643338653861663838303662306435613565
37656366306139653037646631336266633561646537646230353933623135313265623364616538
36313563353433663838393533313865653739613962616338303963336533326437653237366534
36626263633031386537663161333134333166373937613963313361346365646531663065303935
39633562356331346230666532343335333732303039623534363432633439313630333433383933
36356535303264653265363034393439313332636663363231306637333632393063313532623435
30616665313539616538396661343435333232303339353531623362336532323936346565323736
30656339346263656239373534333162343631653033373636353731393332346135653935643533
38386630333532656630326263386131616563393061366631336233323030343936363330643036
66353737376330626666323131373064333261396364346537303633376564666565316435313061
37623438653433646164306134646331366131306165363164653433646630306337646565626439
31633862636435343330633230396132636263363565326530653233353432353433666431616332
34343662383864336662336330376666383563316434646262313832323365663166626630343761
33353938323338383136383865376532316661376238383036313938646461623234323930626164
38653737316537656530383339633666616137376137633366613939666363613961396564333366
66343662666132656132616636363135383039353065623337303165306132393230313835373937
61643535633233623332313938346665646133366430306335323564323661393530383564656662
32623433313562376431376632646635613335336232633238613065333238323739656263366564
39646138383933333636323462356563303538336139663964323039623066633031613639363265
61383339616363653163393534373664653061653337316462623936366336336564613837396666
66643563313832373736363835393137343537356462646263316363346537643365396430356562
34633636393331646233373566643730626563613365306433356162646465663265303461393231
32643361346464643036623536386136393530653063353534663631633239393131373939346631
37653039636433396633366331633734383732376133613235346131333063383464653234386434
39616536323937623232613334356461313030633761313364366233613266356632396132633038
30366334376262303838386163383330346637336535663737656438363031356237656234356562
37663066356136643439623736666631386166666539343936313563363665383665373463393532
66373132383032323631383430366462306164303038386262336539353164656335313530323337
30383535643430656134353031306230336362333632306365313463326333346635313764323161
30316463623039396266326234666332373232626563396335356561666534363539386536396638
34333563313633383462623639363733613964613233343734356239363633356636316339653034
35653531623738353230396632303363363535313234376134396563346261653037396330326534
36306337333436643733323333356466633865643365623133626465313264333537666663303437
66363531636666336362346264636266623233623638333666333037303638303134626263313365
37333232363862393338393739376564623361306362393064303931303531376334633934623462
37636334643731623933366531323739643561303036616361623064613961323534366463613130
37616134306631303134613438643436373563306438353930643336353264303965306531626236
38303966393061636364366534356339353532646536623136326431313037613339666437333262
38363232386432373733363835306361643532626433653364653530306439393430636364386637
30323363613335313035333032353565386364633164346265633338646636383736663630313963
61326239396632663065366161306564643535343739313333346536343037373666373538366133
32363838633435653831623939343864663265343832663732353463666132386335373061363063
37383331656330626532303634363434353538393534336664343365383861633730343037303664
66343038616438343064336530343734663333616463663736623234343131653930326565323663
32356136626334393265313231353331363638636139346530646563386164666466653439343663
37666132613466386434356532616234636337323533373034643938613934393839303462353837
35363238303632343838353536363564353962326465363762313062306139393964613537633761
62653565363631666438626261653534333365373635386561383238623863363663616130666132
63303261376234666164636161326235323032343730323363346266626430666632373034626134
66333032303234356535383362643431366466383835306135326132626332303964306162393932
38333334636633343266336533666539353463646434323831346366653431653337343261396163
39623333633631363530333531356565666131333534366234376266336663616137363834343438
66623466333132303333396339363130653866643364336437666632643765336534383439386364
39633638343138323033303431666634346464383231303761663365383766636265646166336664
31636264373932356664383538366637386633386638316263383132343563383236333266333938
66333435356237336561373163363030363532373234373834353662313464623766623732346536
33386364376464656235363563653938633062613032656439353764303861623861326630326639
34616631326166363439656432626636643463646337616331356132313864303738303433343434
62616565366331643436343338313564313635333330303634646166626638323339666361616462
30303834306331383335383365656463663530396161323665623365303866326639386466383762
34336235306630656163646131363136333639363964306136663635366339376664396235643066
34366561366636326335643436363537386636613630316335393737303037373764386537653065
32316565356461663361333066386432363230353137396334393164643866353265373831323533
37616334646636663931393766616532363564363462383635303236626534376162333462316432
34373735396431303961386137313462346331646530396332393263626233623661303962633434
37306338366133656337356462626533646333303764373933326532343734393733666330336332
66383663333536316635386435626433306337396339393164353134303364666231353566323733
30383331363834383631356166353338623738643139653765613331383536313263326333653262
61383430666461653531623962613339346664346136643132323132383130363533643837353165
34326364323066666335323734383433646366633733323738383339323965313338636431386439
62363834356236643062623936336132663132363739613830653435623935393537353037353437
36646263393331386231363137643764316634353634616533333466653135333265326264613961
39326331613031616463633630633431616333663730643436663534376366316131346335636239
61646631653433663564356434633631663036623338633332376263623232373734396665323063
31643430353437386439346538316436633236613661303937623862383330653335613265613764
33313532386337306339303761663462363931366536343739393238326361333330623464613432
66326231643931313366383361346239343633346138383961316437663731383838646133313861
64323336356437376461666535353530366334333931313436313231353532613765373135623232
61336132636139656132343738393566623934663839653234643164356232323539336637623561
63383439393962343438663235633332323332313063316632373630393061353364636566303561
62336463356230643030326231346464643230623432313637383432373361313464353632323266
65356230363034623963383932303934656461353862623939656361393664643762386533363932
36363732373838643934316337323437636430653635636233396639313764393365333535633965
38663661303935336139343164666635386137343338383666383536333632666434333236323839
36373438373961306636313136666236663838343630326533383137656235643062313432396530
36336139376663323034663766383362303038353133316132373465303661396132373036376663
36343630396136633762333237653239336565626133366437393337616338316461633966353036
65663537666366383134313930303361376639333862363537303930313934396462636161376330
37666166623364646465306430653666656133356336393039383836393065383737393331666333
36623732613533626233316331653836323063346466366436396138303163386561383865343432
63653964303938316233326233363233636335363931663363633438343063383937343261653537
31313938383430363666316636373466616339366262636634393036623931303838373963623330
37363537366362383762333661363930356136343162366564313834316630623239346566616362
38326334356466663361373739653065356433626634636136356664373537663130643933353435
35336436363864633535303232383037313637303463366634653262376334356535366536663831
30393030636230323337386339616563623137336332366330666366366365623731346632353866
39336134346438623466306136366331346239643838316262356137356530663664623765616165
66326562323566353836306262393337303666303830643437303063623766343961303839333736
61376664306536653132323632653235646438383264366166303531316661333034306161356133
31333963386533633235333961353432366564623038353232616631616266386333383737653635
33313938663861616330383265613833633965356432623834633363313536353933663031653365
65303666653132393538653763333735326233363665376434343831303839623966623836663065
32303238666535356264613265323166623731633162636264626639303233343965376237373566
32623130393333336335626234326133623262666339616337626164396366656635343136613138
30653333323036666437663933363663313862643563386566353831633364663034623038643261
65326333386531343733366466396537636363303334646465663064623262623966656437666539
61613466343736653665303039613165656236386131346132366534386132396437363162623339
62323264663337363136636561393038613532396231393732613366623566326334656634316263
30393437303535643831643134333663653938323862653738643434346162323033336136346663
36353530323432613963346463336563653939306366373261323036613032363266643265363339
65646536383939623162643161383039646635363263633536616264363565356236373030613535
37666335656332343434326236643338316139663439303464663537396165303633363530643934
36663138383939613038666361633036333362666662303933663232343936313364633830306139
31656133383934326665643435333566303432656135323634393737313734313834366630663231
30663862383436316264326337326662323865383339386532623633303133366366633230323334
39356365636162313263363338383630383132343063383438343364323734663862613933343665
66363232653237613662343639366330386435616462316632623232353465396331393838306535
30663730663463663630383533396432363335653436623861623732623063333339363761633430
31323930316461386331653064353734333863343039313861333537313936636464376137373833
38366532663030653934636636373864343061353039306639326330333961313432623561643533
30643330386365333939626162613461373366313866316239383965303062393761373536323534
37393031386538343362396663643637663932653662366230333766376133376361643966306432
37323337346230633062663133343337613061643664336432356333653366313261373635663636
65383036653462393339343664623832333832633934633837383738623337643831376234363864
66333331313266306539646337356136653963626266663433313363656531653137303664386435
34333632343136333634653537633137366365343137356537356664373063333736393938613063
64666262316131346438623238336235656262376233393836616530653364303364626230373234
62663362323464653438636164336361633839393962306338313039623332393738306538333138
66373336306335656232303439366466646361636534333266376161313534353264366538313639
36396532303962383030373931316233346664393630386164343237373937616462386637613036
64366631323134373965346432613331336630653363313232613366653662383465303262613138
62303262303565613337663966656534616138653031666661363931313833333839396665626434
64373137383762323634346133623337616132343534323537636133343962316139363263396365
38626133336561636433663439323363366431643066623565353930663431376639303939653239
37386265346566343332643962323963643631633661616230343863313366343938386138313031
31346132373132313932626666623538306631656466343739363236393566323139623735316634
32666465636634663736666632666130636661373433323262663535363034646664353364616237
31346662373135376263616530616630633330633634363561316534383062666462383262376361
37653433316533323038346433333763326466343937653165376630396164643565343361623562
31373035333532633737633031653833396135653938336637623032353530363034616130313462
32663234393135343363306261386561313638303532303937613863313166613562323665663666
36313838313634333731636162663764393231613763373364343030313461633134323562643637
65376634363931393238373866666231643564616437313434623833383135396665626163356561
37306436356135643037316164336431333563366133363335373565323331646139653162616132
62346237353936356439633637663961653565323235326663376164373761653030306465316637
33396564396562616330343833393932306562353133613633666336626237386234646132313364
39616132616236333738636262313637636532303030366464663736396536323732363231306532
39336661616138363731663836646134346338373464623538386666396435366433396461653637
37623132666561656235663634373139346236376661363666616466353934623262306261333231
35623662326439333961613465386463353435343037363634333466336535353634326663393161
32633731386534353839356463656663333161326138363535626661353039336633663965383634
61303032626361613437623535363062663363323061353936373434663362626237353134343537
34626434626263346166623930653764656263636334613662333337313665326638643964623661
62303936636633333466663136653933373763393637656336333030373762313662383865636230
35626162383538383339313739636562363933353139633836633838386365643836353264666234
36393465393266623933623330323564623237383065663533666634303238306536653238313230
31373733666465313135616265316239323438613162306265616631343361313532323133386535
66383433633438383339353832353663653463646431356163346331333935616135343564353033
66373730393663373032306464613939636433663366373263656161666132656236333438323663
33303636636333363861376439366364333232626664313265393061336164303665636563613863
38323630646365303635666562653030353361306564646239313736336237663864306465616435
33386234303966636337393763616266653538613466343033353739616562376534306331626135
65613339633737346433373063623238373862303634303231323361356235663063303066613734
66653035613934373030666439616239333936376439633731656561353266653463353634653430
37383535653330323866386339353762353530323033623730333230666139656534326331316539
62393066663036643238343636336137346363626639636435363062333666613835353361396138
35363936376334646130623761303936346137346665353130643834303234616533623937633837
37376633326264653430313763356166613361303464623133383265366566613436636163383466
35663133643536313635633930323963633033353161643663376238333233656566663162343737
62353563376632633436373764393237653331623036623762343438306365643933613932326563
64353362303336323339636362633164366130636463663035613165323836373035343165313265
63393361646231633635626239353538613465366631336639373338663937373835623766376239
66623661643638333931613832343961333034313739333631373233383732623036353934633439
63386161326461343962626233653931396437653662346235393130626331386666333861326635
61663165333931633932613466616635393236626330363266396236396132626235326633623830
36316265386139366136643361653137316132383666663834353064636331626337626332366137
62373263383631316361623538333964326565313064343531343564316563306432343638653163
30633865663961643066376262623133303030326138663530396430643138643830363635343635
33376165636332336234303863643330356337356439356531633564383330636537386639363933
62333437303338633431326665613137306231313933356365366363356538343561643036643161
61333864303032336234616262306532376234376564336535326436306438373135643961356230
34323938333063356262363562633261383035353561653331313166636665636230313266376330
39613631643239623239393535386538313461323331643037313365363061323063353332373433
62653530666162323432613837633836653961663433316165366165373166623165653535313734
66643334306132353263653338306337616665336264623738393962343234613563356632323537
62323131656534663731613135636464636137313833306438643736323335396331383239653736
35636432366236653038383737366165316664666665383839656265656561653364393739636361
62333635313139306234623861353435613830666366343861666131366635326235326265626631
62323036623038393462353436366535663233326530313766333334313838346365653231366163
35393566663965353434386362653635303833656162316138393464303538663365383661666137
35323130356130383232643131326531663836656261666266376639326335303664326464643061
39373263613566383266623731633331396161643132373062336230393766393533353532306234
66316633326666623439653938383536393766393339346434663862626361613264343836613834
39313030613664666265316664636331383862313461356533353532663166636634346662386636
63376265356461633733613035353234653433366666326230353436303930373834386437613439
30323130616463653134333165353664373761663763303464623465633062383932663763663862
36313834326261666466306364393863313538623933363139646134613763393630346639363238
35316636356439626261313234653832616336386637316435393137363833363664393333313964
64303265646639663865663630643434613631336433653037346462316163306532376231356538
38656331663634613633356163643831663937323962613832303732373534646264663937326130
65343331363035613965353530643861656163333735313130623330646439303237323663356631
63636166303633626433643133343438323530643031363337393035353965313739663338623630
61663038313531643364356532353063633035653163373336323066306432623361346664666161
30353831346631333966383739643165336539343537306435393935613563306436316339653136
39363962616263346630646664366234616464363733363038646234663634346336653965393739
38646366366666663166363566663161653038363032363736313839373332323166316437616433
31363833376539306162623438356666363865383262373838643932313536323161316164363932
39313635663436623336373231353661383338626231373864646564363762393330313361383035
35333732316265643432613630386530306138336662653566346365346430326265633066343430
61626336323464333930303930323336313561316637323434356536643266306134353931326432
65666464663966383366613364656133663634373361303838643035656434373334633736363164
36383865316461343636653034663531643138346364303861306134323939623865656538393133
65346164303137303261663665353433656438663435326264616538643839396639316137376364
37663165343562363164386132643230343964336538316236363239313733343031386230623465
30666565613735363331323130303431306663653833353336373032343165316262376266346562
31343738376232366166333639313765343537633265386134616134636466643739323434663439
35356664623039316534353363633832313634666461393463366564616464623230336231656536
64353161396165333766386263333630643838633135313331383465626530333464383664373632
36613732323339623233326561336539333334636535383666396266326138653164636538313030
65666638623463383537616635393766373230636665636330346439346433653238643339373663
34376532323439646663303231373864386462663237313364386137626462656631633565373264
30306135376461623337656161306163346262663037336638616633636365383566353433373932
30386538333931633564316635356531633062336430333063373634323561346132373862303332
35333838613466386632666266333862356238613836386434383132636563616365663464363766
36386238336563393161366235646264323964386432386134386265386135343833313330656363
37336635373631626264646662653333643066336237623231613630623135613862366364373136
63323565303334643263306365373339626561333261373638316136393965396165613762356437
66656365313162326436383064363832356466306163623262646238376331363831356239333062
34333736343130323231333837623435626239666239643563336334643835316235343933653039
30376139333361636131663662616134613565653864363166633333666466623965356137623364
33646537623737333361393530626634376633316332386230336530666633363930333832326632
38343263343831336266316163343964326434303061636264616135356561353865626237303632
65663937326137383333343639393838363833336434316261623131306530323964353337663739
38303934613339306137396336613131313934373765373132353462333536623938386430343336
39396638396331366363313163623531363165653731623836346464356564386235636565643966
37636264663331653862333363363633386465646335323733373966636365623332333663306137
66343263653037353237316238643463383063623133363935313836363961363635333862663430
65303736353962393635386632653362343034333833313739323733383061663061353437313261
62303834363135363263623066313262333832613365323338373238616165313239333036353563
35653063633265643436373332643139616264333566643538386233643964393137386638383632
63353562356432666436626132313937303563613033376135353765366639623566636331393832
33356463333963316362636632616630663766616438353566663830323433383731353136663939
34656435363135663062626566396563333430383962343964306134303336326235653030643133
39633964313065633366363335646562356331363034386130313563666531383931653764636435
34356630366430653431663739373930386261386363313162663037666438353138633162363735
63663731653734343265613264636138663562633364363033616461343538383936656337316264
65636132313434626634333836383731666534646338323539643732616636363963303638333633
66613236653831303636633639356332306533346231656136313732373234633761343238343463
36666232383134643533646133363563353431643832643534396135323534383764333932653464
35633462613332383333343136626663396135353964353461313764663632333737326239346333
37336336323738626331336564343136656536663963376238343038373130323332333838356161
34616439313039343538646365623861663330316166336139623230343263306166613164636438
31333266393030643939323939326238656634306435663734633535646236396437666135343363
36613231376132616239353636313036366535393739373333326435643138326232373534313462
64383966633865316234646565626263653365356233373662353964653039303663623231386630
32336565306633356234653564323865313733633139316166303765363465336664393835363931
62393264306135616436623239393437333064346239333734313034656531643838633930616336
30396366333937376130666263646434653162643035616130376161313834316332396166393439
36323262336639636136303732656666373038613030623135356338396365666562346165326361
30303238386439366232626263343435663531366632323063313365343236313332336332646439
32336136356165336465646333663561323635373463643761643466633838366633323739633336
65343136396666613563356635633266313834346635626234633965373038306564333230313962
38393933303832646534323761303365613734356631363664386636316135346433366366653232
61383133666536303761363566356231303066396533623837396663613039633537383562633237
66396365623639353235656233333166343530626535626331623066656165333366666638323135
31363564393961396663656661656166333064333733626336393366613333646663666637386132
37373937653264623637383130643930363765643734646630666365376538396331643132396364
35393830303036343737653231393030383262356136343439616365356433396434616532383039
31656163356365623862313136656133396662323538383939623763376134343361386263633839
34623736393535366333343038653631323636636539336637303230343638643466383166313038
30323237316562333438323565633333363966396332633263613432646139636365656130343437
34383265646563633938326633346262386339366433623463643434616535326133383866616262
34663963306266663765393061666135353031353734623439373164323130626133363232633861
38346231386532393430386231303436326431666432376661333834343931316431653761383564
66653233383265396431343933613333306533633435623136366235653030346664666466356437
35306237666134616334303165616566383331613534656164613931383435653831663330616137
64633530623136616466303263633330366539643832323165653636333861663730336563326538
66383830663562366637663836643934613134623239303931313362343063623362646636353737
63306463363930353863653333353236346439396136623438316564643032306162336330386663
32303363336131653061653530363639333838613365616661613034626263303861653466663936
66353137663264333963313539666439666137366161313532356133663531373964633031656561
32613636343032323366656234373462303430356632636166646335663634343239326635313663
66663931373364623761626264626435613234366538636533636136333566333463346230616539
66383233326164653335383437366432383233626230396461386430316466313963363065636263
31626264326362643962646134336161623638383066313037656232366339343465616439373564
65386332393836393132633363383766643936623763636161373264366131343565663239653138
35353633643965653061656362353438656165336638656166393133393539646439373336313165
35303936656564346136616332643165656630666164303135323437363735616563663733316363
66396663643730343732316662323564633432666361383137393930646463653630333836383135
63626235636533616264653963663633306163343938663236656266376131626636343834346363
31376363376238623762313334383836393435623338386362643938336262333136316261643566
37663730623363646465356563343035653837323130366231376265653964323264623533393435
62343732613432643430386537353831626635643731386536613131366333643237646132666234
38333666336232613939643534373239383966643331643738346231373566623039373837313032
38316530626339316535356336373832356263336635343238393639633836313661323564613830
64633435643266653263366566313263326563343466313964656330356239663066376661363064
34366531303262623232626531386165653361366665376533303663316465303337363237613334
31333163353533336637326366356635663835636363653866613338316339393466363866366632
63336535386562643331353534653433323030326639383836646637316331633637356531313866
34643366663134663266366439343631353533306130653361643733303166643431656161303037
30613536383231363133306139623738663064386230626164633462313538316562376137363262
36646162376238356166616363643661363561313738396237643136316262306432366662333330
37626261356536636135306532303633313338323633313732333439323032376361396165393839
61316339343630383237393233363162653134333536613561323138323232303263643765393230
30343535363834373734623631343965376334636639303831636433653161643932643336616466
66343962303464326461396365363232396365613964653632336334666435346561613762643063
38393161383166333330613932323436363330626136306539396330353730313863663031373132
3265393662643434386635656230393238306136616566613332
